   7.4800872e-01	
   7.3849428e-01	
   7.1736341e-01	
   7.3753902e-01	
   7.2039711e-01	
   7.0085430e-01	
   7.1946133e-01	
   7.0413448e-01	
   7.0155357e-01	
   6.9824825e-01	
   6.8549223e-01	
   6.6261675e-01	
   6.3083377e-01	
   6.1195058e-01	
   5.6710619e-01	
   5.3051430e-01	
   4.9311174e-01	
   4.3929390e-01	
   3.7273348e-01	
   3.1173100e-01	
   2.5650724e-01	
   1.8948341e-01	
   1.5180971e-01	
   1.0030747e-01	
   5.0972694e-02	
   4.7924199e-02	
   2.2357020e-02	
   2.4366521e-04	
  -8.2224120e-03	
  -5.6817686e-03	
