   1.0000000e-03	
   1.3740000e-03	
   1.8880000e-03	
   2.5920000e-03	
   3.5620000e-03	
   4.8940000e-03	
   6.7240000e-03	
   9.2360000e-03	
   1.2690000e-02	
   1.7434000e-02	
   2.3950000e-02	
   3.2904000e-02	
   4.5204000e-02	
   6.2102000e-02	
   8.5316000e-02	
   1.1721000e-01	
   1.6102600e-01	
   2.2122200e-01	
   3.0392000e-01	
   4.1753200e-01	
   5.7361600e-01	
   7.8804600e-01	
   1.0826000e+00	
   1.4874000e+00	
   2.0434000e+00	
   2.8072000e+00	
   3.8566000e+00	
   5.2983000e+00	
   7.2790000e+00	
   1.0000000e+01	
