   6.9601540e+09	
   8.2831584e+09	
   9.7212068e+09	
   1.1274299e+10	
   1.2942435e+10	
   1.4725615e+10	
   1.6623839e+10	
   1.8637107e+10	
   2.0765418e+10	
   2.3008773e+10	
   2.5367173e+10	
   2.7840616e+10	
   3.0429103e+10	
   3.3132634e+10	
   3.5951209e+10	
   3.8884827e+10	
   4.1933490e+10	
   4.5097196e+10	
   4.8375946e+10	
   5.1769740e+10	
   5.5278578e+10	
   5.8902460e+10	
   6.2641386e+10	
   6.6495355e+10	
   7.0464369e+10	
   7.4548426e+10	
   7.8747527e+10	
   8.3061672e+10	
   8.7490861e+10	
   9.2035094e+10	
   9.6694370e+10	
   1.0146869e+11	
   1.0635806e+11	
   1.1136246e+11	
   1.1648192e+11	
   1.2171641e+11	
   1.2706595e+11	
   1.3253054e+11	
   1.3811016e+11	
   1.4380483e+11	
   1.4961455e+11	
   1.5553931e+11	
   1.6157911e+11	
   1.6773396e+11	
   1.7400385e+11	
   1.8038878e+11	
   1.8688876e+11	
   1.9350378e+11	
   2.0023385e+11	
   2.0707896e+11	
   2.1403912e+11	
   2.2111431e+11	
   2.2830455e+11	
