   4.8293181e-03	
   4.7437155e-03	
   4.6598306e-03	
   4.5776040e-03	
   4.4749638e-03	
   4.3388803e-03	
   4.2130232e-03	
   4.2066464e-03	
   4.0672857e-03	
   3.9863423e-03	
   3.8998316e-03	
   3.7868268e-03	
   3.6843841e-03	
   3.6411484e-03	
   3.5341453e-03	
   3.4843355e-03	
   3.4486217e-03	
   3.2814835e-03	
   3.2545156e-03	
   3.1683602e-03	
   3.0823234e-03	
   2.9970367e-03	
   2.9079595e-03	
   2.7353132e-03	
   2.7521139e-03	
   2.6925514e-03	
   2.5688660e-03	
   2.4851785e-03	
   2.4326640e-03	
   2.3831504e-03	
   2.3283655e-03	
   2.2230799e-03	
   2.1208939e-03	
   2.1020597e-03	
   2.0398123e-03	
   1.9415925e-03	
   2.0030916e-03	
   1.8775505e-03	
   1.8467367e-03	
   1.7157999e-03	
   1.7295623e-03	
   1.7397789e-03	
   1.6189423e-03	
   1.5548707e-03	
   1.6017132e-03	
   1.5654644e-03	
   1.4689681e-03	
   1.4785628e-03	
   1.4374081e-03	
   1.3749435e-03	
   1.3638641e-03	
   1.3175685e-03	
   1.3148697e-03	
